image_width: 1920
image_height: 1080
camera_name: head_camera #spx
camera_matrix:
  rows: 3
  cols: 3
  data: [ 1345.91873,     0.     ,   915.553  ,
             0.     ,  1347.96241,   515.18318,
             0.     ,     0.     ,     1.     ]
#camera_model: plumb_bob
distortion_model: plumb_bob #spx
distortion_coefficients:
  rows: 1
  cols: 5
  data: [-0.399573, 0.140669, 0.000380, 0.005156, 0.000000]
rectification_matrix:
  rows: 3
  cols: 3
  data: [ 1.,  0.,  0.,
          0.,  1.,  0.,
          0.,  0.,  1.]
projection_matrix:
  rows: 3
  cols: 4
  data: [ 1021.23615,     0.     ,   919.11409,     0.     ,
             0.     ,  1253.9447 ,   511.54224,     0.     ,
             0.     ,     0.     ,     1.     ,     0.     ]
